113259445
507852379
250464885
119357544
418779297
418786685
241725949
171745338
168567724
418786702
171743578
418779343
171744204
418786740
171744272
520961469
418779413
418779392
418779394
260880231
242266205
171745221
418779337
163509547
171744138
119357619
241725929
241725932
163509480
241725951
418779271
418779331
119225892
119225890
171743957
250464881
418779372
171743729
418779265
235211468
168568971
242266203
520970201
418779329
241725937
171744195
418779299
168567683
418786746
418786811
418779267
418779350
418779284
418786815
260880278
418779258
418786693
241725994
171745327
399543813
418786686
35933384
242266169
168568228
168567343
418779424
235210364
260880196
418779414
171743650
418786786
191813748
418779295
171745426
163510521
418779250
241725921
418786745
418786741
119221183
418779388
168568232
418786684
418779411
418786683
171745317
171743920
418786694
418779382
418786720
418786716
242266191
35987101
418779312
418786763
171744137
418779428
418786750
260880227
418786771
418779274
119357698
171743835
171744025
418786692
235210426
250464811
168567303
418779261
418779268
113259407
418779247
250464777
418786767
241725953
113039647
171745172
418786695
418779381
242266179
418779317
399741612
168568229
241725926
168568225
168567602
418786688
232096236
418786755
241725936
172473219
241725969
171744235
171743889
171743736
168567686
119221196
119225877
184115487
171743735
418779319
242266168
241725980
235210390
241725954
260880210
250464732
113259428
168567310
171743611